Date_reported,Country_code,Country,WHO_region,New_cases,Cumulative_cases,New_deaths,Cumulative_deaths
2020-03-01,JP,Japan,WPRO,107,239,5,6
2020-03-08,JP,Japan,WPRO,216,455,,6
2020-03-15,JP,Japan,WPRO,325,780,16,22
2020-03-22,JP,Japan,WPRO,266,1046,18,40
2020-03-29,JP,Japan,WPRO,647,1693,12,52
2020-04-05,JP,Japan,WPRO,1578,3271,18,70
2020-04-12,JP,Japan,WPRO,3477,6748,28,98
2020-04-19,JP,Japan,WPRO,3613,10361,63,161
2020-04-26,JP,Japan,WPRO,2821,13182,187,348
2020-05-03,JP,Japan,WPRO,1657,14839,76,492
2020-05-10,JP,Japan,WPRO,1700,15747,76,613
2020-05-17,JP,Japan,WPRO,1900,16285,80,744
2020-05-24,JP,Japan,WPRO,1200,16550,76,820
2020-05-31,JP,Japan,WPRO,501,16851,71,891
2020-06-07,JP,Japan,WPRO,290,17141,25,916
2020-06-14,JP,Japan,WPRO,288,17429,9,925
2020-06-21,JP,Japan,WPRO,435,17864,28,953
2020-06-28,JP,Japan,WPRO,526,18390,18,971
2020-07-05,JP,Japan,WPRO,1132,19522,6,977
2020-07-12,JP,Japan,WPRO,1980,21502,5,982
2020-07-19,JP,Japan,WPRO,3140,24642,3,985
2020-07-26,JP,Japan,WPRO,4740,29382,11,996
2020-08-02,JP,Japan,WPRO,7307,36689,15,1011
2020-08-09,JP,Japan,WPRO,10094,46783,29,1040
2020-08-16,JP,Japan,WPRO,7931,54714,48,1088
2020-08-23,JP,Japan,WPRO,7033,61747,88,1176
2020-08-30,JP,Japan,WPRO,5517,67264,88,1264
2020-09-06,JP,Japan,WPRO,4155,71419,93,1357
2020-09-13,JP,Japan,WPRO,3799,75218,82,1439
2020-09-20,JP,Japan,WPRO,3439,78657,61,1500
2020-09-27,JP,Japan,WPRO,3033,81690,45,1545
2020-10-04,JP,Japan,WPRO,3649,85339,52,1597
2020-10-11,JP,Japan,WPRO,3573,88912,30,1627
2020-10-18,JP,Japan,WPRO,3744,92656,43,1670
2020-10-25,JP,Japan,WPRO,3878,96534,41,1711
2020-11-01,JP,Japan,WPRO,4612,101146,55,1766
2020-11-08,JP,Japan,WPRO,5940,107086,46,1812
2020-11-15,JP,Japan,WPRO,9591,116677,71,1883
2020-11-22,JP,Japan,WPRO,13502,130179,91,1974
2020-11-29,JP,Japan,WPRO,14474,144653,132,2106
2020-12-06,JP,Japan,WPRO,15445,160098,209,2315
2020-12-13,JP,Japan,WPRO,17189,177287,247,2562
2020-12-20,JP,Japan,WPRO,18593,195880,311,2873
2020-12-27,JP,Japan,WPRO,21432,217312,340,3213
2021-01-03,JP,Japan,WPRO,26535,243847,335,3548
2021-01-10,JP,Japan,WPRO,42905,286752,448,3996
2021-01-17,JP,Japan,WPRO,41542,328294,450,4446
2021-01-24,JP,Japan,WPRO,36519,364813,573,5019
2021-01-31,JP,Japan,WPRO,24705,389518,635,5654
2021-02-07,JP,Japan,WPRO,15472,404990,684,6338
2021-02-14,JP,Japan,WPRO,10792,415782,574,6912
2021-02-21,JP,Japan,WPRO,9815,425597,505,7417
2021-02-28,JP,Japan,WPRO,7176,432773,443,7860
2021-03-07,JP,Japan,WPRO,7219,439992,367,8227
2021-03-14,JP,Japan,WPRO,7914,447906,333,8560
2021-03-21,JP,Japan,WPRO,8875,456781,252,8812
2021-03-28,JP,Japan,WPRO,11833,468614,219,9031
2021-04-04,JP,Japan,WPRO,16711,485325,190,9221
2021-04-11,JP,Japan,WPRO,20961,506286,161,9382
2021-04-18,JP,Japan,WPRO,27766,534052,240,9622
2021-04-25,JP,Japan,WPRO,32811,566863,291,9913
2021-05-02,JP,Japan,WPRO,35999,602862,448,10361
2021-05-09,JP,Japan,WPRO,37182,640044,515,10876
2021-05-16,JP,Japan,WPRO,43131,683175,632,11508
2021-05-23,JP,Japan,WPRO,35689,718864,804,12312
2021-05-30,JP,Japan,WPRO,25623,744487,655,12967
2021-06-06,JP,Japan,WPRO,17914,762401,607,13574
2021-06-13,JP,Japan,WPRO,12830,775231,497,14071
2021-06-20,JP,Japan,WPRO,10056,785287,352,14423
2021-06-27,JP,Japan,WPRO,10469,795756,246,14669
2021-07-04,JP,Japan,WPRO,11078,806834,179,14848
2021-07-11,JP,Japan,WPRO,13881,820715,107,14955
2021-07-18,JP,Japan,WPRO,20822,841537,93,15048
2021-07-25,JP,Japan,WPRO,28908,870445,81,15129
2021-08-01,JP,Japan,WPRO,65441,935886,68,15197
2021-08-08,JP,Japan,WPRO,95410,1031296,83,15280
2021-08-15,JP,Japan,WPRO,113250,1144546,128,15408
2021-08-22,JP,Japan,WPRO,155807,1300353,223,15631
2021-08-29,JP,Japan,WPRO,154011,1454364,315,15946
2021-09-05,JP,Japan,WPRO,117008,1571372,408,16354
2021-09-12,JP,Japan,WPRO,68173,1639545,443,16797
2021-09-19,JP,Japan,WPRO,37166,1676711,407,17204
2021-09-26,JP,Japan,WPRO,17964,1694675,278,17482
2021-10-03,JP,Japan,WPRO,10371,1705046,248,17730
2021-10-10,JP,Japan,WPRO,5927,1710973,211,17941
2021-10-17,JP,Japan,WPRO,3747,1714720,162,18103
2021-10-24,JP,Japan,WPRO,2218,1716938,96,18199
2021-10-31,JP,Japan,WPRO,5926,1722864,69,18268
2021-11-07,JP,Japan,WPRO,1336,1724200,42,18310
2021-11-14,JP,Japan,WPRO,1266,1725466,17,18327
2021-11-21,JP,Japan,WPRO,1008,1726474,20,18347
2021-11-28,JP,Japan,WPRO,669,1727143,11,18358
2021-12-05,JP,Japan,WPRO,799,1727942,6,18364
2021-12-12,JP,Japan,WPRO,878,1728820,9,18373
2021-12-19,JP,Japan,WPRO,1144,1729964,6,18379
2021-12-26,JP,Japan,WPRO,1825,1731789,8,18387
2022-01-02,JP,Japan,WPRO,3019,1734808,8,18395
2022-01-09,JP,Japan,WPRO,30796,1765604,8,18403
2022-01-16,JP,Japan,WPRO,114235,1879839,30,18433
2022-01-23,JP,Japan,WPRO,289814,2169653,73,18506
2022-01-30,JP,Japan,WPRO,499985,2669638,258,18764
2022-02-06,JP,Japan,WPRO,630951,3300589,560,19324
2022-02-13,JP,Japan,WPRO,611609,3912198,1035,20359
2022-02-20,JP,Japan,WPRO,572555,4484753,1462,21821
2022-02-27,JP,Japan,WPRO,469867,4954620,1449,23270
2020-03-01,CN,China,WPRO,2926,79968,103,2873
2020-03-08,CN,China,WPRO,891,80859,103,3101
2020-03-15,CN,China,WPRO,189,81048,103,3204
2020-03-22,CN,China,WPRO,450,81498,63,3267
2020-03-29,CN,China,WPRO,843,82341,39,3306
2020-04-05,CN,China,WPRO,589,82930,32,3338
2020-04-12,CN,China,WPRO,552,83482,11,3349
2020-04-19,CN,China,WPRO,719,84201,12,4642
2020-04-26,CN,China,WPRO,137,84338,6,4642
2020-05-03,CN,China,WPRO,55,84393,1,4643
2020-05-10,CN,China,WPRO,37,84430,3,4643
2020-05-17,CN,China,WPRO,54,84484,2,4645
2020-05-24,CN,China,WPRO,41,84525,,4645
2020-05-31,CN,China,WPRO,45,84570,,4645
2020-06-07,CN,China,WPRO,59,84629,,4645
2020-06-14,CN,China,WPRO,100,84729,,4645
2020-06-21,CN,China,WPRO,268,84997,1,4646
2020-06-28,CN,China,WPRO,193,85190,2,4648
2020-07-05,CN,China,WPRO,116,85306,,4648
2020-07-12,CN,China,WPRO,216,85522,,4648
2020-07-19,CN,China,WPRO,415,85937,5,4653
2020-07-26,CN,China,WPRO,902,86839,6,4659
2020-08-02,CN,China,WPRO,1463,88302,15,4674
2020-08-09,CN,China,WPRO,847,89149,14,4688
2020-08-16,CN,China,WPRO,612,89761,22,4710
2020-08-23,CN,China,WPRO,380,90141,7,4717
2020-08-30,CN,China,WPRO,210,90351,11,4728
2020-09-06,CN,China,WPRO,166,90517,7,4735
2020-09-13,CN,China,WPRO,149,90666,6,4741
2020-09-20,CN,China,WPRO,174,90840,3,4744
2020-09-27,CN,China,WPRO,126,90966,2,4746
2020-10-04,CN,China,WPRO,155,91121,,4746
2020-10-11,CN,China,WPRO,184,91305,,4746
2020-10-18,CN,China,WPRO,184,91489,,4746
2020-10-25,CN,China,WPRO,185,91674,,4746
2020-11-01,CN,China,WPRO,247,91921,,4746
2020-11-08,CN,China,WPRO,274,92195,2,4748
2020-11-15,CN,China,WPRO,233,92428,1,4749
2020-11-22,CN,China,WPRO,220,92648,,4749
2020-11-29,CN,China,WPRO,681,93329,1,4750
2020-12-06,CN,China,WPRO,831,94160,3,4753
2020-12-13,CN,China,WPRO,790,94950,3,4756
2020-12-20,CN,China,WPRO,766,95716,14,4770
2020-12-27,CN,China,WPRO,608,96324,7,4777
2021-01-03,CN,China,WPRO,648,96972,14,4791
2021-01-10,CN,China,WPRO,680,97652,7,4798
2021-01-17,CN,China,WPRO,1142,98794,6,4804
2021-01-24,CN,China,WPRO,1342,100136,6,4810
2021-01-31,CN,China,WPRO,838,100974,13,4823
2021-02-07,CN,China,WPRO,342,101316,8,4831
2021-02-14,CN,China,WPRO,220,101536,7,4838
2021-02-21,CN,China,WPRO,164,101700,4,4842
2021-02-28,CN,China,WPRO,220,101920,1,4843
2021-03-07,CN,China,WPRO,181,102101,5,4848
2021-03-14,CN,China,WPRO,262,102363,1,4849
2021-03-21,CN,China,WPRO,176,102539,,4849
2021-03-28,CN,China,WPRO,159,102698,2,4851
2021-04-04,CN,China,WPRO,210,102908,,4851
2021-04-11,CN,China,WPRO,205,103113,2,4853
2021-04-18,CN,China,WPRO,202,103315,3,4856
2021-04-25,CN,China,WPRO,169,103484,,4856
2021-05-02,CN,China,WPRO,183,103667,2,4858
2021-05-09,CN,China,WPRO,141,103808,,4858
2021-05-16,CN,China,WPRO,617,104425,,4858
2021-05-23,CN,China,WPRO,2762,107187,11,4869
2021-05-30,CN,China,WPRO,3959,111146,86,4955
2021-06-06,CN,China,WPRO,3521,114667,151,5106
2021-06-13,CN,China,WPRO,1634,116301,177,5283
2021-06-20,CN,China,WPRO,1247,117548,112,5395
2021-06-27,CN,China,WPRO,810,118358,83,5478
2021-07-04,CN,China,WPRO,538,118896,57,5535
2021-07-11,CN,China,WPRO,425,119321,53,5588
2021-07-18,CN,China,WPRO,377,119698,28,5616
2021-07-25,CN,China,WPRO,515,120213,18,5634
2021-08-01,CN,China,WPRO,624,120837,3,5637
2021-08-08,CN,China,WPRO,847,121684,20,5657
2021-08-15,CN,China,WPRO,694,122378,12,5669
2021-08-22,CN,China,WPRO,320,122698,7,5676
2021-08-29,CN,China,WPRO,297,122995,6,5682
2021-09-05,CN,China,WPRO,236,123231,3,5685
2021-09-12,CN,China,WPRO,313,123544,2,5687
2021-09-19,CN,China,WPRO,558,124102,2,5689
2021-09-26,CN,China,WPRO,393,124495,1,5690
2021-10-03,CN,China,WPRO,310,124805,2,5692
2021-10-10,CN,China,WPRO,250,125055,3,5695
2021-10-17,CN,China,WPRO,199,125254,5,5695
2021-10-24,CN,China,WPRO,311,125565,3,5695
2021-10-31,CN,China,WPRO,513,126078,1,5696
2021-11-07,CN,China,WPRO,632,126710,5,5696
2021-11-14,CN,China,WPRO,550,127260,1,5697
2021-11-21,CN,China,WPRO,252,127512,8,5697
2021-11-28,CN,China,WPRO,252,127764,9,5697
2021-12-05,CN,China,WPRO,629,128393,10,5697
2021-12-12,CN,China,WPRO,689,129082,15,5697
2021-12-19,CN,China,WPRO,712,129794,20,5699
2021-12-26,CN,China,WPRO,1064,130858,25,5699
2022-01-02,CN,China,WPRO,1650,132508,30,5699
2022-01-09,CN,China,WPRO,1643,134151,40,5699
2022-01-16,CN,China,WPRO,1876,136027,50,5700
2022-01-23,CN,China,WPRO,1323,137350,60,5700
2022-01-30,CN,China,WPRO,1642,138992,80,5700
2022-02-06,CN,China,WPRO,2057,141049,100,5700
2022-02-13,CN,China,WPRO,8591,149640,120,5706
2022-02-20,CN,China,WPRO,31127,180767,170,5776
2022-02-27,CN,China,WPRO,120387,301154,372,6148
2020-03-01,KR,Republic of Korea,WPRO,2970,3526,14,17
2020-03-08,KR,Republic of Korea,WPRO,3608,7134,33,50
2020-03-15,KR,Republic of Korea,WPRO,1028,8162,25,75
2020-03-22,KR,Republic of Korea,WPRO,735,8897,29,104
2020-03-29,KR,Republic of Korea,WPRO,686,9583,48,152
2020-04-05,KR,Republic of Korea,WPRO,654,10237,31,183
2020-04-12,KR,Republic of Korea,WPRO,275,10512,31,214
2020-04-19,KR,Republic of Korea,WPRO,149,10661,20,234
2020-04-26,KR,Republic of Korea,WPRO,67,10728,8,242
2020-05-03,KR,Republic of Korea,WPRO,65,10793,8,250
2020-05-10,KR,Republic of Korea,WPRO,81,10874,6,256
2020-05-17,KR,Republic of Korea,WPRO,176,11050,6,262
2020-05-24,KR,Republic of Korea,WPRO,140,11190,4,266
2020-05-31,KR,Republic of Korea,WPRO,278,11468,4,270
2020-06-07,KR,Republic of Korea,WPRO,308,11776,3,273
2020-06-14,KR,Republic of Korea,WPRO,308,12084,4,277
2020-06-21,KR,Republic of Korea,WPRO,337,12421,3,280
2020-06-28,KR,Republic of Korea,WPRO,294,12715,2,282
2020-07-05,KR,Republic of Korea,WPRO,374,13089,1,283
2020-07-12,KR,Republic of Korea,WPRO,328,13417,6,289
2020-07-19,KR,Republic of Korea,WPRO,328,13745,6,295
2020-07-26,KR,Republic of Korea,WPRO,405,14150,3,298
2020-08-02,KR,Republic of Korea,WPRO,216,14366,3,301
2020-08-09,KR,Republic of Korea,WPRO,232,14598,4,305
2020-08-16,KR,Republic of Korea,WPRO,720,15318,,305
2020-08-23,KR,Republic of Korea,WPRO,2081,17399,4,309
2020-08-30,KR,Republic of Korea,WPRO,2300,19699,14,323
2020-09-06,KR,Republic of Korea,WPRO,1478,21177,11,334
2020-09-13,KR,Republic of Korea,WPRO,999,22176,24,358
2020-09-20,KR,Republic of Korea,WPRO,799,22975,25,383
2020-09-27,KR,Republic of Korea,WPRO,636,23611,18,401
2020-10-04,KR,Republic of Korea,WPRO,480,24091,20,421
2020-10-11,KR,Republic of Korea,WPRO,515,24606,11,432
2020-10-18,KR,Republic of Korea,WPRO,593,25199,12,444
2020-10-25,KR,Republic of Korea,WPRO,637,25836,13,457
2020-11-01,KR,Republic of Korea,WPRO,799,26635,9,466
2020-11-08,KR,Republic of Korea,WPRO,791,27426,12,478
2020-11-15,KR,Republic of Korea,WPRO,1118,28544,15,493
2020-11-22,KR,Republic of Korea,WPRO,2126,30670,12,505
2020-11-29,KR,Republic of Korea,WPRO,3091,33761,18,523
2020-12-06,KR,Republic of Korea,WPRO,3776,37537,22,545
2020-12-13,KR,Republic of Korea,WPRO,5221,42758,35,580
2020-12-20,KR,Republic of Korea,WPRO,6896,49654,94,674
2020-12-27,KR,Republic of Korea,WPRO,7201,56855,134,808
2021-01-03,KR,Republic of Korea,WPRO,7396,64251,154,962
2021-01-10,KR,Republic of Korea,WPRO,4844,69095,163,1125
2021-01-17,KR,Republic of Korea,WPRO,3623,72718,124,1249
2021-01-24,KR,Republic of Korea,WPRO,2796,75514,100,1349
2021-01-31,KR,Republic of Korea,WPRO,2989,78503,71,1420
2021-02-07,KR,Republic of Korea,WPRO,2673,81176,51,1471
2021-02-14,KR,Republic of Korea,WPRO,2685,83861,51,1522
2021-02-21,KR,Republic of Korea,WPRO,3456,87317,35,1557
2021-02-28,KR,Republic of Korea,WPRO,2703,90020,46,1603
2021-03-07,KR,Republic of Korea,WPRO,2790,92810,31,1634
2021-03-14,KR,Republic of Korea,WPRO,3197,96007,35,1669
2021-03-21,KR,Republic of Korea,WPRO,3058,99065,27,1696
2021-03-28,KR,Republic of Korea,WPRO,3062,102127,26,1722
2021-04-04,KR,Republic of Korea,WPRO,3620,105747,22,1744
2021-04-11,KR,Republic of Korea,WPRO,4394,110141,24,1768
2021-04-18,KR,Republic of Korea,WPRO,4505,114646,29,1797
2021-04-25,KR,Republic of Korea,WPRO,4732,119378,16,1813
2021-05-02,KR,Republic of Korea,WPRO,4342,123720,21,1834
2021-05-09,KR,Republic of Korea,WPRO,4044,127764,41,1875
2021-05-16,KR,Republic of Korea,WPRO,4516,132280,28,1903
2021-05-23,KR,Republic of Korea,WPRO,4178,136458,31,1934
2021-05-30,KR,Republic of Korea,WPRO,3880,140338,25,1959
2021-06-06,KR,Republic of Korea,WPRO,4297,144635,15,1974
2021-06-13,KR,Republic of Korea,WPRO,3638,148273,14,1988
2021-06-20,KR,Republic of Korea,WPRO,3233,151506,16,2004
2021-06-27,KR,Republic of Korea,WPRO,4066,155572,11,2015
2021-07-04,KR,Republic of Korea,WPRO,5223,160795,13,2028
2021-07-11,KR,Republic of Korea,WPRO,8351,169146,16,2044
2021-07-18,KR,Republic of Korea,WPRO,10057,179203,14,2058
2021-07-25,KR,Republic of Korea,WPRO,10963,190166,19,2077
2021-08-01,KR,Republic of Korea,WPRO,10835,201001,22,2099
2021-08-08,KR,Republic of Korea,WPRO,11446,212447,26,2125
2021-08-15,KR,Republic of Korea,WPRO,13034,225481,42,2167
2021-08-22,KR,Republic of Korea,WPRO,12297,237778,55,2222
2021-08-29,KR,Republic of Korea,WPRO,12271,250049,62,2284
2021-09-05,KR,Republic of Korea,WPRO,11728,261777,43,2327
2021-09-12,KR,Republic of Korea,WPRO,12636,274413,33,2360
2021-09-19,KR,Republic of Korea,WPRO,13121,287534,49,2409
2021-09-26,KR,Republic of Korea,WPRO,16019,303553,47,2456
2021-10-03,KR,Republic of Korea,WPRO,16224,319777,57,2513
2021-10-10,KR,Republic of Korea,WPRO,13039,332816,70,2583
2021-10-17,KR,Republic of Korea,WPRO,10629,343445,85,2668
2021-10-24,KR,Republic of Korea,WPRO,9644,353089,105,2773
2021-10-31,KR,Republic of Korea,WPRO,13296,366385,86,2859
2021-11-07,KR,Republic of Korea,WPRO,15307,381692,121,2980
2021-11-14,KR,Republic of Korea,WPRO,15774,397466,135,3115
2021-11-21,KR,Republic of Korea,WPRO,20785,418251,183,3298
2021-11-28,KR,Republic of Korea,WPRO,25947,444198,282,3580
2021-12-05,KR,Republic of Korea,WPRO,33158,477356,313,3893
2021-12-12,KR,Republic of Korea,WPRO,45729,523085,400,4293
2021-12-19,KR,Republic of Korea,WPRO,47328,570413,483,4776
2021-12-26,KR,Republic of Korea,WPRO,41254,611667,524,5300
2022-01-02,KR,Republic of Korea,WPRO,30535,642202,430,5730
2022-01-09,KR,Republic of Korea,WPRO,25184,667386,341,6071
2022-01-16,KR,Republic of Korea,WPRO,28644,696030,262,6333
2022-01-23,KR,Republic of Korea,WPRO,45378,741408,232,6565
2022-01-30,KR,Republic of Korea,WPRO,104291,845699,190,6755
2022-02-06,KR,Republic of Korea,WPRO,199263,1044962,131,6886
2022-02-13,KR,Republic of Korea,WPRO,360282,1405244,216,7102
2022-02-20,KR,Republic of Korea,WPRO,652917,2058161,348,7450
2022-02-27,KR,Republic of Korea,WPRO,1076295,3134456,608,8058